x = [0.1 0.3 0.2 0.4]';
W = [ 2 0.3  0.7  0.5; ...
      0.6 1 8 1.2; ...
      4 0.2 0.6 0.3];
f = W*x;  